name: bioinformatic_dependencies
channels:
  - bioconda
  - conda-forge
  - defaults
dependencies:
  - _libgcc_mutex=0.1=conda_forge
  - _openmp_mutex=4.5=2_gnu
  - blast=2.12.0=hf3cf87c_4
  - blat=35=1
  - brotlipy=0.7.0=py38h0a891b7_1005
  - bwa-mem2=2.2.1=hd03093a_5
  - bzip2=1.0.8=h7f98852_4
  - c-ares=1.18.1=h7f98852_0
  - ca-certificates=2023.12.12=h06a4308_0
  - cd-hit=4.8.1=h43eeafb_9
  - certifi=2023.11.17=py38h06a4308_0
  - cffi=1.15.1=py38h4a40e3a_3
  - charset-normalizer=2.1.1=pyhd8ed1ab_0
  - colorama=0.4.6=pyhd8ed1ab_0
  - conda=22.11.1=py38h578d9bd_1
  - conda-package-handling=2.0.2=pyh38be061_0
  - conda-package-streaming=0.7.0=pyhd8ed1ab_1
  - cryptography=39.0.0=py38h3d167d9_0
  - curl=7.87.0=hdc1c0ab_0
  - entrez-direct=16.2=he881be0_1
  - fmt=9.1.0=h924138e_0
  - gettext=0.21.1=h27087fc_0
  - hmmer=3.3.2=h87f3376_2
  - icu=70.1=h27087fc_0
  - idna=3.4=pyhd8ed1ab_0
  - keyutils=1.6.1=h166bdaf_0
  - krb5=1.20.1=h81ceb04_0
  - ld_impl_linux-64=2.39=hcc3a1bd_1
  - libarchive=3.6.2=h3d51595_0
  - libcurl=7.87.0=hdc1c0ab_0
  - libedit=3.1.20191231=he28a2e2_2
  - libev=4.33=h516909a_1
  - libffi=3.4.2=h7f98852_5
  - libgcc-ng=12.2.0=h65d4601_19
  - libgomp=12.2.0=h65d4601_19
  - libiconv=1.17=h166bdaf_0
  - libidn2=2.3.4=h166bdaf_0
  - libmamba=1.1.0=hde2b089_3
  - libmambapy=1.1.0=py38h7fa060d_3
  - libnghttp2=1.51.0=hff17c54_0
  - libnsl=2.0.0=h7f98852_0
  - libpng=1.6.39=h753d276_0
  - libsolv=0.7.23=h3eb15da_0
  - libsqlite=3.40.0=h753d276_0
  - libssh2=1.10.0=hf14f497_3
  - libstdcxx-ng=12.2.0=h46fd767_19
  - libunistring=0.9.10=h7f98852_0
  - libuuid=2.32.1=h7f98852_1000
  - libxml2=2.10.3=h7463322_0
  - libzlib=1.2.13=h166bdaf_4
  - lz4-c=1.9.3=h9c3ff4c_1
  - lzo=2.10=h516909a_1000
  - mafft=7.310=h87f3376_5
  - mamba=1.1.0=py38haad2881_3
  - muscle=3.8.31=0
  - ncurses=6.3=h27087fc_1
  - openssl=3.0.12=h7f8727e_0
  - pcre=8.45=h9c3ff4c_0
  - perl=5.26.2=h36c2ea0_1008
  - perl-archive-tar=2.32=pl526_0
  - perl-carp=1.38=pl526_3
  - perl-common-sense=3.74=pl526_2
  - perl-compress-raw-bzip2=2.087=pl526he1b5a44_0
  - perl-compress-raw-zlib=2.087=pl526hc9558a2_0
  - perl-exporter=5.72=pl526_1
  - perl-exporter-tiny=1.002001=pl526_0
  - perl-extutils-makemaker=7.36=pl526_1
  - perl-io-compress=2.087=pl526he1b5a44_0
  - perl-io-zlib=1.10=pl526_2
  - perl-json=4.02=pl526_0
  - perl-json-xs=2.34=pl526h6bb024c_3
  - perl-list-moreutils=0.428=pl526_1
  - perl-list-moreutils-xs=0.428=pl526_0
  - perl-pathtools=3.75=pl526h14c3975_1
  - perl-scalar-list-utils=1.52=pl526h516909a_0
  - perl-types-serialiser=1.0=pl526_2
  - perl-xsloader=0.24=pl526_0
  - pip=22.3.1=pyhd8ed1ab_0
  - pluggy=1.0.0=pyhd8ed1ab_5
  - pybind11-abi=4=hd8ed1ab_3
  - pycosat=0.6.4=py38h0a891b7_1
  - pycparser=2.21=pyhd8ed1ab_0
  - pyopenssl=23.0.0=pyhd8ed1ab_0
  - pysocks=1.7.1=pyha2e5f31_6
  - python=3.8.15=h4a9ceb5_0_cpython
  - python_abi=3.8=3_cp38
  - readline=8.1.2=h0f457ee_0
  - reproc=14.2.4=h0b41bf4_0
  - reproc-cpp=14.2.4=hcb278e6_0
  - requests=2.28.1=pyhd8ed1ab_1
  - ruamel.yaml=0.17.21=py38h0a891b7_2
  - ruamel.yaml.clib=0.2.7=py38h1de0b5d_1
  - setuptools=65.6.3=pyhd8ed1ab_0
  - sqlite=3.40.0=h4ff8645_0
  - tk=8.6.12=h27826a3_0
  - toolz=0.12.0=pyhd8ed1ab_0
  - tqdm=4.64.1=pyhd8ed1ab_0
  - urllib3=1.26.13=pyhd8ed1ab_0
  - wget=1.20.3=ha35d2d1_1
  - wheel=0.38.4=pyhd8ed1ab_0
  - xz=5.2.6=h166bdaf_0
  - yaml-cpp=0.7.0=h27087fc_2
  - zlib=1.2.13=h166bdaf_4
  - zstandard=0.19.0=py38h5945529_1
  - zstd=1.5.2=h6239696_4
  - pip:
      - cutadapt==3.5
      - dnaio==0.10.0
      - isal==1.1.0
      - xopen==1.7.0
prefix: /opt/conda/envs/bioinformatic_dependencies
